C1
5 5
255
background normal
255 255 255 255
255 255 255 255
255 255 255 255
255 255 255 255
255 255 255 255
255 255 255 255
255 255 255 255
255 255 255 255
255 255 255 255
255 255 255 255
255 255 255 255
255 255 255 255
255 255 255 255
255 255 255 255
255 255 255 255
255 255 255 255
255 255 255 255
255 255 255 255
255 255 255 255
255 255 255 255
255 255 255 255
255 255 255 255
255 255 255 255
255 255 255 255
255 255 255 255
hello normal
255 255 255 0
255 255 255 0
255 255 255 0
255 255 255 0
255 255 255 0
255 255 255 0
255 255 255 0
255 255 255 0
255 255 255 0
255 255 255 0
255 255 255 0
255 255 255 0
255 255 255 0
255 255 255 0
255 255 255 0
255 255 255 0
255 255 255 0
255 255 255 0
255 255 255 0
255 255 255 0
255 255 255 0
255 255 255 0
255 255 255 0
255 255 255 0
255 255 255 0